           TPR                                     TNR                                    (3*TPR+TNR)/4                                   
Threshold 1.0  2.0  5.0  10.0 20.0 30.0 40.0 50.0 1.0  2.0  5.0  10.0 20.0 30.0 40.0 50.0          1.0  2.0  5.0  10.0 20.0 30.0 40.0 50.0
Fold                                                                                                                                      
0         1.00 1.00 1.00 1.00 1.00 1.00 1.00 1.00 0.25 0.25 0.35 0.60 0.75 0.85 1.00 1.00          0.81 0.81 0.84 0.90 0.94 0.96 1.00 1.00
1         1.00 1.00 1.00 1.00 1.00 1.00 1.00 1.00 0.62 0.62 0.69 0.73 0.77 0.81 0.92 1.00          0.90 0.90 0.92 0.93 0.94 0.95 0.98 1.00
2         1.00 1.00 1.00 1.00 1.00 1.00 1.00 1.00 0.39 0.39 0.56 0.83 0.89 1.00 1.00 1.00          0.85 0.85 0.89 0.96 0.97 1.00 1.00 1.00
3         1.00 1.00 1.00 1.00 1.00 1.00 1.00 1.00 0.46 0.51 0.61 0.73 0.78 0.85 0.90 1.00          0.87 0.88 0.90 0.93 0.95 0.96 0.98 1.00
4         1.00 1.00 1.00 1.00 1.00 1.00 1.00 1.00 0.37 0.40 0.49 0.57 0.80 0.83 0.89 1.00          0.84 0.85 0.87 0.89 0.95 0.96 0.97 1.00
5         1.00 1.00 1.00 1.00 1.00 1.00 1.00 1.00 0.23 0.32 0.52 0.65 0.74 0.94 1.00 1.00          0.81 0.83 0.88 0.91 0.94 0.98 1.00 1.00
6         1.00 1.00 1.00 1.00 1.00 1.00 1.00 1.00 0.13 0.16 0.39 0.45 0.65 0.87 0.90 1.00          0.78 0.79 0.85 0.86 0.91 0.97 0.98 1.00
7         1.00 1.00 1.00 1.00 1.00 1.00 1.00 1.00 0.62 0.67 0.76 0.90 0.95 0.95 1.00 1.00          0.90 0.92 0.94 0.98 0.99 0.99 1.00 1.00
8         1.00 1.00 1.00 1.00 1.00 1.00 1.00 1.00 0.51 0.56 0.69 0.87 0.91 0.93 0.96 1.00          0.88 0.89 0.92 0.97 0.98 0.98 0.99 1.00
9         1.00 1.00 1.00 1.00 1.00 1.00 1.00 1.00 0.44 0.50 0.50 0.56 0.72 0.72 0.83 1.00          0.86 0.88 0.88 0.89 0.93 0.93 0.96 1.00
10        1.00 1.00 1.00 1.00 1.00 1.00 1.00 1.00 0.26 0.32 0.45 0.55 0.74 0.84 0.90 1.00          0.81 0.83 0.86 0.89 0.94 0.96 0.98 1.00
11        1.00 1.00 1.00 1.00 1.00 1.00 1.00 1.00 0.59 0.78 0.81 0.84 0.88 0.88 0.97 1.00          0.90 0.95 0.95 0.96 0.97 0.97 0.99 1.00
12        1.00 1.00 1.00 1.00 1.00 1.00 1.00 1.00 0.00 0.20 0.20 0.30 0.60 0.90 1.00 1.00          0.75 0.80 0.80 0.82 0.90 0.97 1.00 1.00
13        1.00 1.00 1.00 1.00 1.00 1.00 1.00 1.00 0.38 0.43 0.67 0.86 0.90 0.90 0.90 1.00          0.85 0.86 0.92 0.96 0.98 0.98 0.98 1.00
14        1.00 1.00 1.00 1.00 1.00 1.00 1.00 1.00 0.12 0.19 0.44 0.62 0.69 0.88 0.88 1.00          0.78 0.80 0.86 0.91 0.92 0.97 0.97 1.00
15        1.00 1.00 1.00 1.00 1.00 1.00 1.00 1.00 0.44 0.52 0.60 0.64 0.76 0.92 0.96 1.00          0.86 0.88 0.90 0.91 0.94 0.98 0.99 1.00
16        1.00 1.00 1.00 1.00 1.00 1.00 1.00 1.00 0.00 0.00 0.00 0.14 0.43 0.86 0.86 1.00          0.75 0.75 0.75 0.79 0.86 0.96 0.96 1.00
17        1.00 1.00 1.00 1.00 1.00 1.00 1.00 1.00 0.45 0.64 0.76 0.85 0.91 0.97 0.97 1.00          0.86 0.91 0.94 0.96 0.98 0.99 0.99 1.00
18        1.00 1.00 1.00 1.00 1.00 1.00 1.00 1.00 0.34 0.45 0.59 0.69 0.83 0.97 0.97 1.00          0.84 0.86 0.90 0.92 0.96 0.99 0.99 1.00
19        1.00 1.00 1.00 1.00 1.00 1.00 1.00 1.00 0.38 0.43 0.62 0.67 0.71 0.86 0.95 1.00          0.85 0.86 0.90 0.92 0.93 0.96 0.99 1.00

Mean
Threshold      1.0   2.0   5.0   10.0  20.0  30.0  40.0  50.0
TPR            1.00  1.00  1.00  1.00  1.00  1.00  1.00  1.00
TNR            0.35  0.42  0.53  0.65  0.77  0.89  0.94  1.00
(3*TPR+TNR)/4  0.84  0.85  0.88  0.91  0.94  0.97  0.98  1.00

Median
Threshold      1.0   2.0   5.0   10.0  20.0  30.0  40.0  50.0
TPR            1.00  1.00  1.00  1.00  1.00  1.00  1.00  1.00
TNR            0.38  0.43  0.57  0.66  0.76  0.88  0.95  1.00
(3*TPR+TNR)/4  0.85  0.86  0.89  0.91  0.94  0.97  0.99  1.00


---
TPR==True Positive (signal) rate
TPR==True Negative (noise) rate
